11110110111
11010110011
10110110101
10010110001
01110110110
01010110010
00110110100
00010110000
11100010111
11000010011
10100010101
10000010001
01100010110
01000010010
00100010100
00000010000
11111010111
11011010011
10111010101
10011010001
01111010110
01011010010
00111010100
00011010000
11101000111
11001000011
10101000101
10001000001
01101000110
01001000010
00101000100
00001000000
11110000111
11010000011
10110000101
10010000001
01110000110
01010000010
00110000100
00010000000
11100100111
11000100011
10100100101
10000100001
01100100110
01000100010
00100100100
00000100000
11111100111
11011100011
10111100101
10011100001
01111100110
01011100010
00111100100
00011100000
11101101111
11001101011
10101101101
10001101001
01101101110
01001101010
00101101100
00001101000
11110101111
11010101011
10110101101
10010101001
01110101110
01010101010
00110101100
00010101000
11100001111
11000001011
10100001101
10000001001
01100001110
01000001010
00100001100
00000001000
11111001111
11011001011
10111001101
10011001001
01111001110
01011001010
00111001100
00011001000
11101011111
11001011011
10101011101
10001011001
01101011110
01001011010
00101011100
00001011000
11110011111
11010011011
10110011101
10010011001
01110011110
01010011010
00110011100
00010011000
11100111111
11000111011
10100111101
10000111001
01100111110
01000111010
00100111100
00000111000
11111111111
11011111011
10111111101
10011111001
01111111110
01011111010
00111111100
00011111000
